Scalable for medium n: 100000000
NP = 1
3.806283
3.720147
3.627980
3.701762
3.739455
3.740077
3.688366
3.736374
3.696457
3.778913
NP = 2
3.751032
3.696738
3.725700
3.726870
3.701807
3.774338
3.793976
3.733708
3.784242
3.729469
NP = 3
3.768612
3.759106
3.752343
3.749371
3.703381
3.741260
3.779991
3.716895
3.734132
3.774431
NP = 4
3.686067
3.741609
3.801327
3.768876
3.756933
3.756574
3.730028
3.735974
3.753909
3.699021
NP = 5
3.943285
3.933316
3.850351
3.979587
3.850080
3.911682
3.994186
3.837451
3.851086
3.856806
NP = 6
3.921461
3.880266
3.883877
3.841295
3.932319
3.940377
3.964044
3.930083
3.960684
3.889931
NP = 7
3.985423
3.901870
3.973932
3.905634
3.942096
3.922240
3.930969
3.939259
3.986827
3.909257
NP = 8
3.961422
4.882156
3.869731
3.914929
3.950095
3.923268
3.940056
3.841716
3.997783
3.957252
NP = 9
3.929442
4.004568
3.900179
3.870892
3.895476
4.011906
3.908528
3.911798
3.931447
3.982680
NP = 10
3.969756
3.964032
3.987935
3.922731
3.971577
3.909008
3.911849
3.933397
3.947288
3.936701
NP = 11
3.870455
3.957163
3.872661
3.899632
3.915706
3.920814
3.909838
3.896338
3.880436
3.914192
NP = 12
3.952580
4.188837
3.955784
3.933753
3.964375
3.935944
3.954006
3.973829
4.009868
4.045887
