Non-scalable for medium n: 1000000000
NP = 1
43.516342
43.509802
43.447529
43.481885
43.477294
43.502033
43.486955
43.446283
43.455500
43.420715
NP = 2
22.268133
22.071937
22.256435
22.116366
22.237544
22.196838
22.325896
22.339748
21.983063
22.187271
NP = 3
16.655860
14.787518
14.818721
14.748866
14.940227
14.951625
14.828005
15.030367
14.969303
14.807536
NP = 4
11.196545
11.244734
11.121461
11.130960
11.135828
11.057530
11.094652
11.193346
11.116617
11.240649
NP = 5
9.356321
9.310457
9.366871
9.260988
9.341899
9.336943
9.315487
9.311622
9.262882
9.343847
NP = 6
7.788554
7.799279
7.799715
7.834761
7.782142
7.889724
7.851679
7.853174
7.830982
7.769550
NP = 7
6.754068
6.755702
6.687294
6.637507
6.691910
6.689772
6.689234
6.740074
6.667854
6.686419
NP = 8
5.927918
5.908401
6.955907
7.062894
5.810716
5.879159
5.812719
5.825187
5.801854
5.750941
NP = 9
5.270075
5.189479
5.216955
5.231103
5.235270
5.150159
5.194005
5.163678
5.190097
5.240793
NP = 10
4.650617
4.724327
4.667981
4.692482
4.679358
4.694162
5.562305
4.668523
4.668510
5.584554
NP = 11
4.223033
4.265353
4.300728
4.260922
4.281505
4.344333
5.081436
5.034828
5.098425
4.247794
NP = 12
3.910372
3.913425
3.879501
3.916878
3.901023
3.936164
3.908702
4.674492
3.901738
4.189260
