Non-scalable for small n: 10000000
NP = 1
0.526565
0.524951
0.518872
0.522023
0.513044
0.526969
0.525852
0.539671
0.531041
0.529900
0.525188
0.524327
0.472066
0.494284
0.507231
0.436160
0.499039
0.512074
0.516974
0.462562
0.494704
0.508028
0.518009
0.523074
0.525053
0.523802
0.584101
0.549703
0.536115
0.526811
NP = 2
0.308304
0.288949
0.325266
0.282121
0.294125
0.280285
0.330463
0.294748
0.282181
0.270980
0.273731
0.325123
0.300866
0.286885
0.278652
0.331212
0.301939
0.282409
0.274697
0.331832
0.303154
0.317562
0.311126
0.287955
0.330229
0.240202
0.315004
0.293152
0.232254
0.295471
NP = 3
0.254892
0.257726
0.259057
0.250858
0.254064
0.253046
0.252243
0.248004
0.242769
0.284504
0.241430
0.245905
0.239299
0.233050
0.238051
0.236818
0.248432
0.253210
0.252315
0.240942
0.238986
0.243692
0.247902
0.242540
0.241648
0.274880
0.232812
0.237499
0.242515
0.248784
NP = 4
0.200650
0.209562
0.209667
0.168126
0.192170
0.211801
0.209689
0.176728
0.212009
0.170740
0.206019
0.164752
0.224208
0.215466
0.198668
0.209721
0.209690
0.159796
0.198113
0.211269
0.173908
0.205220
0.209676
0.209641
0.178725
0.209012
0.212342
0.214360
0.214353
0.167231
NP = 5
0.168259
0.170859
0.156840
0.169448
0.158650
0.167736
0.153451
0.169172
0.171409
0.169996
0.152048
0.147454
0.170563
0.144646
0.167591
0.154691
0.167739
0.149830
0.168508
0.146505
0.171627
0.147323
0.170136
0.140186
0.168566
0.152794
0.169745
0.176520
0.169633
0.159746
NP = 6
0.141362
0.151515
0.139757
0.172133
0.142713
0.139951
0.142103
0.141733
0.140030
0.141406
0.132579
0.121960
0.142594
0.144795
0.115152
0.139822
0.132749
0.139900
0.139832
0.139772
0.140144
0.135425
0.128536
0.140418
0.139848
0.143742
0.140147
0.141609
0.140360
0.141283
NP = 7
0.120638
0.119744
0.121309
0.120909
0.122401
0.119828
0.121298
0.121114
0.121317
0.119762
0.144092
0.120282
0.120807
0.119938
0.141635
0.121389
0.119180
0.122695
0.119998
0.119813
0.144444
0.119808
0.120328
0.134426
0.121135
0.120823
0.119813
0.121412
0.120790
0.119911
NP = 8
0.120915
0.106524
0.126243
0.105493
0.105347
0.106213
0.106269
0.104801
0.105693
0.105701
0.104749
0.088310
0.104977
0.106812
0.105273
0.115184
0.128178
0.119910
0.105941
0.105832
0.125964
0.108207
0.104877
0.105737
0.104930
0.105152
0.105587
0.126076
0.126071
0.105402
NP = 9
0.094037
0.113288
0.094338
0.127997
0.093668
0.094121
0.093587
0.095818
0.095528
0.093337
0.096647
0.094256
0.113257
0.093238
0.093483
0.050920
0.094183
0.093492
0.094205
0.075152
0.112143
0.093360
0.093703
0.093523
0.093650
0.053635
0.093219
0.093521
0.093250
0.093526
NP = 10
0.100949
0.084726
0.084775
0.106858
0.087605
0.084036
0.084594
0.084938
0.084658
0.084437
0.085090
0.084479
0.083689
0.084688
0.065759
0.084025
0.084923
0.084502
0.101461
0.085517
0.086580
0.085340
0.085020
0.084412
0.085385
0.066242
0.084834
0.084954
0.086145
0.084855
NP = 11
0.091838
0.076336
0.076827
0.080198
0.091771
0.091669
0.077619
0.077410
0.076970
0.076381
0.077135
0.076679
0.076650
0.077131
0.097852
0.076843
0.077411
0.076679
0.077101
0.042140
0.077470
0.077093
0.076711
0.072296
0.091803
0.076506
0.077310
0.076529
0.076859
0.076439
NP = 12
0.070207
0.070563
0.070474
0.100219
0.070999
0.070000
0.084072
0.070569
0.069983
0.069847
0.099395
0.038313
0.070665
0.046222
0.070038
0.070021
0.070153
0.070026
0.084872
0.070057
0.069907
0.070148
0.071920
0.049381
0.070555
0.070273
0.084153
0.083986
0.070041
0.070274
