Scalable for small n: 1000000
NP = 1
0.069812
0.069592
0.069789
0.069861
0.071382
0.059722
0.070154
0.069586
0.069786
0.070251
0.069589
0.069775
0.069656
0.069780
0.069584
0.069795
0.069799
0.069584
0.069598
0.069788
0.069586
0.069806
0.069718
0.069609
0.069781
0.069787
0.069582
0.057454
0.069793
0.069785
NP = 2
0.070077
0.070356
0.069806
0.068950
0.068444
0.070675
0.070647
0.070538
0.070785
0.070748
0.070166
0.069561
0.070624
0.070717
0.070527
0.070634
0.070443
0.070972
0.062221
0.070635
0.070844
0.070893
0.070453
0.070675
0.039386
0.072336
0.070288
0.070658
0.070706
0.075312
NP = 3
0.070643
0.071761
0.070006
0.070602
0.070641
0.069811
0.069866
0.070487
0.070679
0.070561
0.071097
0.070745
0.070550
0.070711
0.071408
0.071412
0.070787
0.071747
0.070483
0.070800
0.070178
0.071510
0.069979
0.070456
0.070673
0.070707
0.070638
0.070506
0.070470
0.070098
NP = 4
0.070066
0.071583
0.071548
0.070641
0.070038
0.070681
0.079512
0.071025
0.069869
0.070795
0.069837
0.069871
0.071242
0.070382
0.071624
0.070621
0.069814
0.072175
0.069858
0.070590
0.070549
0.070548
0.071367
0.071274
0.070465
0.069823
0.079524
0.070155
0.071036
0.070081
NP = 5
0.070608
0.071578
0.074637
0.070594
0.072271
0.069586
0.069843
0.069869
0.088363
0.071490
0.070530
0.070147
0.070623
0.070777
0.071346
0.088012
0.037931
0.070675
0.070557
0.074540
0.072559
0.071484
0.070366
0.070599
0.070851
0.069995
0.070787
0.070479
0.069831
0.071603
NP = 6
0.070098
0.071018
0.070707
0.081447
0.071406
0.070728
0.069869
0.070688
0.071580
0.071703
0.070737
0.070630
0.071010
0.069984
0.070635
0.070869
0.070987
0.069805
0.069684
0.074929
0.072137
0.071721
0.073305
0.070976
0.071283
0.070285
0.070916
0.070606
0.071103
0.070991
NP = 7
0.070690
0.070346
0.070648
0.070706
0.090282
0.071816
0.069692
0.070083
0.070960
0.104314
0.070114
0.070536
0.074378
0.070477
0.070950
0.070518
0.070010
0.070125
0.070810
0.070470
0.080449
0.070834
0.070855
0.071280
0.091411
0.070231
0.070950
0.070249
0.087851
0.086506
NP = 8
0.081827
0.070798
0.067600
0.071948
0.071400
0.073598
0.071353
0.070667
0.074536
0.071000
0.071060
0.070673
0.070117
0.070940
0.070689
0.070348
0.070519
0.070916
0.070058
0.071619
0.070856
0.070179
0.065852
0.090532
0.070262
0.092184
0.085279
0.071462
0.086309
0.070523
NP = 9
0.069945
0.069636
0.070452
0.070598
0.070031
0.069818
0.070382
0.069925
0.076538
0.070063
0.069868
0.070585
0.071551
0.070112
0.069903
0.069586
0.070635
0.071361
0.070749
0.071512
0.071487
0.086032
0.074361
0.075605
0.070752
0.070651
0.070822
0.070362
0.070970
0.070493
NP = 10
0.059312
0.071177
0.069600
0.071598
0.071322
0.071462
0.070522
0.069864
0.098091
0.049795
0.070194
0.070146
0.071721
0.070567
0.070324
0.069790
0.071387
0.070667
0.070706
0.066013
0.070793
0.070742
0.081410
0.074547
0.071543
0.069834
0.070069
0.070324
0.069793
0.070783
NP = 11
0.070710
0.083335
0.070744
0.037965
0.070712
0.070002
0.074388
0.072124
0.089216
0.070467
0.070658
0.071420
0.070361
0.070056
0.070096
0.070248
0.087773
0.079504
0.070928
0.119235
0.070072
0.070554
0.071265
0.070794
0.069767
0.070081
0.071541
0.070778
0.070848
0.074572
NP = 12
0.051614
0.079047
0.070503
0.070276
0.070684
0.069964
0.098798
0.070536
0.069882
0.069865
0.070959
0.071510
0.070582
0.069863
0.071868
0.038444
0.073437
0.087791
0.069693
0.069726
0.070920
0.067461
0.070007
0.070629
0.078113
0.070229
0.069652
0.071394
0.070572
0.076020
